100042
100110
100111
100113
100118
100158
100171
100320
100334
100338
100375
100395
100500
100555
100600
201916
202897
203686
204195
204380
204699
204819
205132
205142
205224
205270
205567
206400
206896
207450
207550
207693
208232
208519
208766
209106
209838
209914
211235
211853
213184
213583
213942
213999
214603
214845
214912
216392
216453
216689
216954
217094
217240
217253
217378
217610
217744
218434
229275
229547
229633
229722
229914
229998
230525
231066
231109
231118
231258
231349
231504
231887
231977
231995
232356
234341
236627
236833
237711
237892
240066
242035
251524
253991
255975
259253
261649
261672
261676
261755
262018
262170
263040
263303
263323
263490
263510
263558
263672
264045
264289
264316
264450
264455
264501
264599
264624
264714
264958
265025
265132
265152
265282
265345
265440
266183
266763
